{
  "advancedEditorSelectedIdentifier" : "ProjectBrowser",
  "openSceneRelativePaths" : [
    "chess_pawn.usda",
    "chessboard.usda",
    "chessboard_with_pieces.usda",
    "whole.usdc"
  ],
  "recentIdentifiers" : {
    "9156B147-E4FC-4098-A766-78D4888E9125" : [

    ],
    "74724B01-110D-46C9-A6B0-D8278EF9ACF0" : [

    ],
    "AF09ED6F-1707-48FD-8720-65B998362C09" : [

    ],
    "C5C0ED18-8E9A-45D6-8759-ED390B1081C8" : [

    ],
    "D407180B-C454-4DBD-A5D4-6ABFE27734FE" : [

    ],
    "ED2B5FF6-6707-44CB-ABEB-3F588339776D" : [

    ]
  },
  "sceneCameraHistory" : {
    "1E2E8D9F-4252-47D7-B8DA-C3DD8D791F5D" : [
      {
        "date" : 729669516.41774,
        "title" : "Untitled",
        "transform" : [
          0.99999994,
          0,
          0,
          0,
          0,
          0.8660255,
          -0.49999988,
          0,
          0,
          0.49999988,
          0.8660255,
          0,
          -0.008926347,
          0.2193281,
          0.40034327,
          1
        ]
      },
      {
        "date" : 729669513.911963,
        "title" : "Untitled",
        "transform" : [
          0.99999994,
          0,
          -0,
          0,
          -0,
          0.8660255,
          -0.49999988,
          0,
          0,
          0.49999988,
          0.8660255,
          0,
          0,
          0.22818571,
          0.39522928,
          1
        ]
      }
    ],
    "90DEEF02-AE36-4C59-98D3-E010BADE9A63" : [
      {
        "date" : 729669783.988614,
        "title" : "Untitled",
        "transform" : [
          0.99999994,
          0,
          -0,
          0,
          -0,
          0.8660254,
          -0.49999988,
          0,
          0,
          0.49999988,
          0.8660254,
          0,
          0,
          0.15212375,
          0.26348606,
          1
        ]
      }
    ],
    "9156B147-E4FC-4098-A766-78D4888E9125" : [
      {
        "date" : 730628960.406609,
        "title" : "Untitled",
        "transform" : [
          0.039262593,
          -4.4086983e-09,
          -0.99922895,
          0,
          -0.9815881,
          0.18707548,
          -0.03856952,
          0,
          0.1869313,
          0.9823456,
          0.0073451023,
          0,
          0.5143656,
          0.7336686,
          0.057841264,
          1
        ]
      },
      {
        "date" : 730628949.942254,
        "title" : "Untitled",
        "transform" : [
          0.91255265,
          -4.3259822e-09,
          -0.4089593,
          0,
          -0.257539,
          0.7768039,
          -0.5746733,
          0,
          0.31768116,
          0.6297425,
          0.70887446,
          0,
          0.62605345,
          0.4769747,
          0.57970667,
          1
        ]
      },
      {
        "date" : 730628947.275688,
        "title" : "Untitled",
        "transform" : [
          0.47681582,
          -2.270074e-09,
          -0.87900305,
          0,
          -0.77231246,
          0.47751585,
          -0.4189415,
          0,
          0.41973796,
          0.87862307,
          0.22768717,
          0,
          0.69339496,
          0.65934294,
          0.21908782,
          1
        ]
      },
      {
        "date" : 730628944.390937,
        "title" : "Untitled",
        "transform" : [
          0.9987515,
          -2.2508878e-08,
          -0.04995306,
          0,
          -0.014023442,
          0.95978594,
          -0.28038234,
          0,
          0.047944248,
          0.2807328,
          0.9585877,
          0,
          0.4282713,
          0.21884036,
          0.7715647,
          1
        ]
      },
      {
        "date" : 730628942.875436,
        "title" : "Untitled",
        "transform" : [
          0.9987515,
          -2.2508878e-08,
          -0.04995306,
          0,
          -0.014023442,
          0.95978594,
          -0.28038234,
          0,
          0.047944248,
          0.2807328,
          0.9585877,
          0,
          -0.19616236,
          3.446086,
          0.19895315,
          1
        ]
      },
      {
        "date" : 730628940.091526,
        "title" : "Untitled",
        "transform" : [
          0.9987515,
          -2.2508878e-08,
          -0.04995306,
          0,
          -0.014023442,
          0.95978594,
          -0.28038234,
          0,
          0.047944248,
          0.2807328,
          0.9585877,
          0,
          0.17598873,
          5.6251707,
          7.639633,
          1
        ]
      },
      {
        "date" : 730628918.207942,
        "title" : "Untitled",
        "transform" : [
          0.9987515,
          -2.2508878e-08,
          -0.04995306,
          0,
          -0.014023442,
          0.95978594,
          -0.28038234,
          0,
          0.047944248,
          0.2807328,
          0.9585877,
          0,
          -0.035388947,
          2.3493702,
          3.3029606,
          1
        ]
      },
      {
        "date" : 730628915.057088,
        "title" : "Untitled",
        "transform" : [
          0.9987515,
          -2.2043217e-08,
          -0.04995306,
          0,
          -0.014023443,
          0.95978594,
          -0.28038234,
          0,
          0.047944248,
          0.2807328,
          0.9585877,
          0,
          0.5264313,
          11.060627,
          14.834617,
          1
        ]
      },
      {
        "date" : 730628892.71049,
        "title" : "Untitled",
        "transform" : [
          0.9987515,
          -2.2043217e-08,
          -0.04995306,
          0,
          -0.014023443,
          0.95978594,
          -0.28038234,
          0,
          0.047944248,
          0.2807328,
          0.9585877,
          0,
          1.8232267,
          31.165773,
          41.44947,
          1
        ]
      },
      {
        "date" : 730628887.226045,
        "title" : "Untitled",
        "transform" : [
          0.9987515,
          -2.1105011e-08,
          -0.049953055,
          0,
          -0.014023436,
          0.959786,
          -0.28038234,
          0,
          0.047944263,
          0.2807329,
          0.95858765,
          0,
          3.3036106,
          10.763995,
          33.70952,
          1
        ]
      }
    ],
    "74724B01-110D-46C9-A6B0-D8278EF9ACF0" : [
      {
        "date" : 729759518.628275,
        "title" : "Untitled",
        "transform" : [
          0.97891456,
          1.289036e-09,
          -0.20427041,
          0,
          -0.11877382,
          0.8135795,
          -0.5691936,
          0,
          0.16619024,
          0.5814537,
          0.79642475,
          0,
          0.2129795,
          0.7465589,
          1.0134935,
          1
        ]
      },
      {
        "date" : 729670204.195632,
        "title" : "Untitled",
        "transform" : [
          0.978289,
          -2.2119564e-09,
          -0.20724547,
          0,
          -0.029521601,
          0.9898024,
          -0.13935487,
          0,
          0.20513207,
          0.1424474,
          0.96831274,
          0,
          0.2634098,
          0.19275501,
          1.2365379,
          1
        ]
      },
      {
        "date" : 729670162.420638,
        "title" : "Untitled",
        "transform" : [
          0.9948101,
          -1.6560362e-09,
          -0.10174912,
          0,
          -0.05827958,
          0.8197111,
          -0.56980467,
          0,
          0.08340489,
          0.5727772,
          0.81545687,
          0,
          0.10532546,
          0.7411103,
          1.0361216,
          1
        ]
      },
      {
        "date" : 729670152.597213,
        "title" : "Untitled",
        "transform" : [
          0.99995744,
          -2.484053e-10,
          -0.009220568,
          0,
          -0.0020873337,
          0.97403955,
          -0.22636837,
          0,
          0.008981198,
          0.22637795,
          0.9739982,
          0,
          0.012005323,
          0.30477718,
          1.2434781,
          1
        ]
      },
      {
        "date" : 729670090.815804,
        "title" : "Untitled",
        "transform" : [
          0.99999994,
          0,
          0,
          0,
          0,
          0.8660255,
          -0.49999988,
          0,
          0,
          0.49999988,
          0.8660255,
          0,
          0.00065747835,
          0.64969176,
          1.101608,
          1
        ]
      },
      {
        "date" : 729670080.466127,
        "title" : "Untitled",
        "transform" : [
          0.99999994,
          0,
          0,
          0,
          0,
          0.8660255,
          -0.49999988,
          0,
          0,
          0.49999988,
          0.8660255,
          0,
          0.00065747835,
          0.64969176,
          1.1016082,
          1
        ]
      },
      {
        "date" : 729669965.117413,
        "title" : "Untitled",
        "transform" : [
          0.99999994,
          0,
          -0,
          0,
          -0,
          0.8660255,
          -0.49999988,
          0,
          0,
          0.49999988,
          0.8660255,
          0,
          0,
          0.22818571,
          0.39522928,
          1
        ]
      }
    ],
    "AF09ED6F-1707-48FD-8720-65B998362C09" : [
      {
        "date" : 729668775.490922,
        "title" : "Untitled",
        "transform" : [
          1,
          0,
          -0,
          0,
          -0,
          0.8660258,
          -0.4999994,
          0,
          0,
          0.4999994,
          0.8660258,
          0,
          0,
          3.9652123,
          4.7506113,
          1
        ]
      }
    ],
    "C5C0ED18-8E9A-45D6-8759-ED390B1081C8" : [
      {
        "date" : 730006297.279662,
        "title" : "Untitled",
        "transform" : [
          0.591728,
          1.2977397e-09,
          -0.8061376,
          0,
          -0.28075492,
          0.93739367,
          -0.2060821,
          0,
          0.7556682,
          0.34827176,
          0.55468214,
          0,
          0.34624547,
          0.16858673,
          0.2541541,
          1
        ]
      },
      {
        "date" : 730006294.228601,
        "title" : "Untitled",
        "transform" : [
          0.30888274,
          1.1849153e-09,
          -0.9511001,
          0,
          -0.23572838,
          0.9687989,
          -0.07655599,
          0,
          0.92142475,
          0.24784818,
          0.29924527,
          0,
          0.42309508,
          0.122522995,
          0.13740592,
          1
        ]
      },
      {
        "date" : 729891534.073882,
        "title" : "Untitled",
        "transform" : [
          0.48041832,
          -8.739952e-10,
          -0.8770395,
          0,
          -0.5499225,
          0.779002,
          -0.30123258,
          0,
          0.6832155,
          0.6270215,
          0.37424684,
          0,
          0.32871878,
          0.30034107,
          0.1800632,
          1
        ]
      },
      {
        "date" : 729674884.718855,
        "title" : "Untitled",
        "transform" : [
          0.99901396,
          -4.373041e-09,
          0.044397984,
          0,
          0.018232247,
          0.91179097,
          -0.41024968,
          0,
          -0.040481694,
          0.41065466,
          0.9108919,
          0,
          -0.018903164,
          0.19789383,
          0.42534631,
          1
        ]
      },
      {
        "date" : 729674877.903292,
        "title" : "Untitled",
        "transform" : [
          0.9919867,
          -3.2643186e-09,
          0.12634209,
          0,
          0.10296615,
          0.5794906,
          -0.80844826,
          0,
          -0.07321408,
          0.81497896,
          0.57484704,
          0,
          -0.02696185,
          0.29981443,
          0.21169344,
          1
        ]
      },
      {
        "date" : 729674852.06824,
        "title" : "Untitled",
        "transform" : [
          0.9994073,
          -1.9022894e-10,
          -0.034423836,
          0,
          -0.023372144,
          0.7341825,
          -0.67854995,
          0,
          0.025273375,
          0.67895234,
          0.73374736,
          0,
          0.00895233,
          0.2507886,
          0.25990784,
          1
        ]
      },
      {
        "date" : 729669905.455275,
        "title" : "Untitled",
        "transform" : [
          1,
          0,
          -0,
          0,
          -0,
          0.8543456,
          -0.5197054,
          0,
          0,
          0.5197054,
          0.8543456,
          0,
          0,
          0.19517039,
          0.2947437,
          1
        ]
      }
    ],
    "D66134B1-3681-4A8E-AFE5-29F257229F3B" : [
      {
        "date" : 729669564.258225,
        "title" : "Untitled",
        "transform" : [
          1,
          0,
          -0,
          0,
          -0,
          0.8660254,
          -0.5,
          0,
          0,
          0.5,
          0.8660254,
          0,
          0,
          0.22857454,
          0.3961028,
          1
        ]
      }
    ],
    "D407180B-C454-4DBD-A5D4-6ABFE27734FE" : [
      {
        "date" : 730630059.410568,
        "title" : "Untitled",
        "transform" : [
          0.9999914,
          9.184292e-12,
          0.004135536,
          0,
          0.00051321473,
          0.99226993,
          -0.12409768,
          0,
          -0.0041035675,
          0.12409874,
          0.9922614,
          0,
          9.3140174e-05,
          0.025918297,
          0.33521277,
          1
        ]
      },
      {
        "date" : 730630052.793096,
        "title" : "Untitled",
        "transform" : [
          0.9999978,
          -1.1883161e-11,
          0.0020882452,
          0,
          0.00010166516,
          0.9988143,
          -0.04868441,
          0,
          -0.0020857693,
          0.048684526,
          0.9988121,
          0,
          0.0007747327,
          0.00043990277,
          0.33746213,
          1
        ]
      },
      {
        "date" : 730630047.910242,
        "title" : "Untitled",
        "transform" : [
          1,
          0,
          0,
          0,
          0,
          0.7071069,
          -0.70710677,
          0,
          0,
          0.70710677,
          0.7071069,
          0,
          0.0014794385,
          0.22247612,
          0.23781535,
          1
        ]
      },
      {
        "date" : 730630044.593942,
        "title" : "Untitled",
        "transform" : [
          1,
          0,
          0,
          0,
          0,
          0.7071069,
          -0.70710677,
          0,
          0,
          0.70710677,
          0.7071069,
          0,
          0.0010208862,
          0.72035336,
          0.73093826,
          1
        ]
      },
      {
        "date" : 730630042.377396,
        "title" : "Untitled",
        "transform" : [
          1,
          0,
          0,
          0,
          0,
          0.7071069,
          -0.70710677,
          0,
          0,
          0.70710677,
          0.7071069,
          0,
          0.0014032152,
          0.3052363,
          0.31978524,
          1
        ]
      },
      {
        "date" : 730630026.030008,
        "title" : "Untitled",
        "transform" : [
          0.9992876,
          -5.2222733e-09,
          0.03773998,
          0,
          0.005586187,
          0.9889846,
          -0.14791252,
          0,
          -0.037324246,
          0.14801805,
          0.98828006,
          0,
          0.017021269,
          0.06357513,
          0.46336117,
          1
        ]
      },
      {
        "date" : 730630023.745473,
        "title" : "Untitled",
        "transform" : [
          0.9992876,
          -5.2222733e-09,
          0.03773998,
          0,
          0.005586187,
          0.9889846,
          -0.14791252,
          0,
          -0.037324246,
          0.14801805,
          0.98828006,
          0,
          0.027975708,
          0.029475853,
          0.46888205,
          1
        ]
      },
      {
        "date" : 730630016.91036,
        "title" : "Untitled",
        "transform" : [
          0.9992876,
          -5.2222733e-09,
          0.03773998,
          0,
          0.005586187,
          0.9889846,
          -0.14791252,
          0,
          -0.037324246,
          0.14801805,
          0.98828006,
          0,
          0.015113442,
          0.084636256,
          0.46013474,
          1
        ]
      },
      {
        "date" : 730630015.577248,
        "title" : "Untitled",
        "transform" : [
          0.9992876,
          -5.2222733e-09,
          0.03773998,
          0,
          0.005586187,
          0.9889846,
          -0.14791252,
          0,
          -0.037324246,
          0.14801805,
          0.98828006,
          0,
          0.021706533,
          0.1173684,
          0.6863139,
          1
        ]
      },
      {
        "date" : 730630014.160135,
        "title" : "Untitled",
        "transform" : [
          0.9992875,
          -5.222273e-09,
          0.037739977,
          0,
          0.005586187,
          0.9889846,
          -0.14791252,
          0,
          -0.037324246,
          0.14801805,
          0.98828006,
          0,
          0.021706533,
          0.1173684,
          0.6863139,
          1
        ]
      }
    ],
    "DBF92E9D-99BB-4995-90CD-946FE37D5230" : [
      {
        "date" : 730627674.656725,
        "title" : "Untitled",
        "transform" : [
          1,
          0,
          -0,
          0,
          -0,
          0.86768734,
          -0.4971104,
          0,
          0,
          0.4971104,
          0.86768734,
          0,
          -0.00052976597,
          3.324558,
          5.642687,
          1
        ]
      }
    ],
    "ED2B5FF6-6707-44CB-ABEB-3F588339776D" : [
      {
        "date" : 729669801.478529,
        "title" : "Untitled",
        "transform" : [
          0.99999994,
          0,
          0,
          0,
          0,
          0.8660254,
          -0.49999988,
          0,
          0,
          0.49999988,
          0.8660254,
          0,
          1.1603263e-10,
          0.35165104,
          0.6093568,
          1
        ]
      },
      {
        "date" : 729669762.419666,
        "title" : "Untitled",
        "transform" : [
          0.99999994,
          0,
          0,
          0,
          0,
          0.8660254,
          -0.49999988,
          0,
          0,
          0.49999988,
          0.8660254,
          0,
          1.1603265e-10,
          0.020707961,
          0.03614652,
          1
        ]
      },
      {
        "date" : 729669756.737056,
        "title" : "Untitled",
        "transform" : [
          0.99999994,
          0,
          -0,
          0,
          -0,
          0.8660254,
          -0.49999988,
          0,
          0,
          0.49999988,
          0.8660254,
          0,
          3.6379233e-12,
          0.000649248,
          0.0011332867,
          1
        ]
      },
      {
        "date" : 729669658.37083,
        "title" : "Untitled",
        "transform" : [
          0.99999994,
          0,
          0,
          0,
          0,
          0.8660255,
          -0.49999988,
          0,
          0,
          0.49999988,
          0.8660255,
          0,
          -3.586479e-05,
          0.009938507,
          0.017315947,
          1
        ]
      },
      {
        "date" : 729669630.968765,
        "title" : "Untitled",
        "transform" : [
          0.99999994,
          0,
          0,
          0,
          0,
          0.8660255,
          -0.49999988,
          0,
          0,
          0.49999988,
          0.8660255,
          0,
          -0.00024184864,
          0.06701878,
          0.116767384,
          1
        ]
      },
      {
        "date" : 729669583.856953,
        "title" : "Untitled",
        "transform" : [
          0.99999994,
          0,
          -0,
          0,
          -0,
          0.8660255,
          -0.49999988,
          0,
          0,
          0.49999988,
          0.8660255,
          0,
          0,
          0.22818571,
          0.39522928,
          1
        ]
      }
    ]
  },
  "selectedSceneRelativePath" : "whole.usdc"
}